Time_selectNodeWithHighestDegree2_MAT,,,,,,,,, :: Time_selectAllNeigbhorsOf1Node_MAT,,,,,,,,, :: Time_selectMoreInterconnectedCluster2Clusters_MAT,,,,,,,,,
Q1,Q2,Q3,Q4,Q5,Q6,Q7,Q8,Q9,Q10 :: Q1,Q2,Q3,Q4,Q5,Q6,Q7,Q8,Q9,Q10 :: Q1,Q2,Q3,Q4,Q5,Q6,Q7,Q8,Q9,Q10
14,15,15,11,12,8,9,7,6,10 :: 25,19,25,19,22,17,25,12,25,12 :: 3,4,2,2,3,3,2,1,2,1
15,12,15,15,15,11,13,12,9,15 :: 25,25,19,25,19,16,25,25,12,12 :: 4,5,4,5,4,2,3,2,3,4
15,10,13,13,9,14,15,7,11,14 :: 13,24,20,24,23,20,25,23,23,22 :: 3,3,3,5,3,2,3,2,2,3
13,13,14,15,9,7,6,5,5,14 :: 16,25,20,25,25,22,19,21,14,14 :: 6,6,7,4,8,4,3,3,4,3
15,15,9,14,12,8,5,4,5,12 :: 14,25,24,25,20,15,21,20,9,12 :: 7,3,3,2,2,2,3,2,3,3
15,15,15,8,10,10,15,15,14,15 :: 25,25,25,25,25,25,25,25,25,25 :: 5,4,4,4,3,3,4,3,3,3
12,9,10,10,9,9,10,9,9,10 :: 18,25,17,25,22,20,24,15,17,17 :: 3,5,3,3,3,3,4,2,3,2
15,13,15,11,12,15,10,9,10,15 :: 15,15,25,25,25,25,25,25,25,25 :: 4,9,4,4,9,6,4,3,3,3
15,10,15,15,9,5,9,6,8,9 :: 16,25,18,25,23,23,25,22,20,13 :: 2,7,2,2,2,2,2,2,3,2
