Acc_selectLargerGroup_NL,,,,,,,,, , ,Acc_selectLargerGroup_MAT,,,,,,,,, 
Q1,Q2,Q3,Q4,Q5,Q6,Q7,Q8,Q9,Q10 , ,Q1,Q2,Q3,Q4,Q5,Q6,Q7,Q8,Q9,Q10 
1.0,1.0,1.0,1.0,0.0,1.0,1.0,1.0,1.0,1.0 , ,1.0,1.0,1.0,1.0,0.0,1.0,1.0,1.0,1.0,1.0 
1.0,1.0,1.0,1.0,1.0,1.0,1.0,1.0,1.0,1.0 , ,1.0,0.0,1.0,1.0,0.0,0.0,1.0,1.0,1.0,1.0 
1.0,1.0,1.0,0.0,1.0,1.0,1.0,1.0,1.0,1.0 , ,1.0,1.0,1.0,0.0,1.0,1.0,1.0,1.0,1.0,1.0 
1.0,1.0,1.0,0.0,1.0,1.0,1.0,1.0,1.0,1.0 , ,1.0,1.0,1.0,0.0,1.0,1.0,1.0,1.0,1.0,1.0 
1.0,1.0,1.0,0.0,1.0,0.0,1.0,1.0,1.0,1.0 , ,1.0,1.0,1.0,1.0,0.0,1.0,1.0,1.0,1.0,1.0 
1.0,0.0,0.0,1.0,1.0,1.0,1.0,1.0,1.0,1.0 , ,null


 Acc_does2NodeBelongToSameCluster_NL,,,,,,,,, , , Acc_does2NodeBelongToSameCluster_MAT,,,,,,,,, 
 Q1,Q2,Q3,Q4,Q5,Q6,Q7,Q8,Q9,Q10 , , Q1,Q2,Q3,Q4,Q5,Q6,Q7,Q8,Q9,Q10 
 1.0,1.0,1.0,1.0,1.0,0.0,1.0,1.0,0.0,0.0 , , 0.0,1.0,1.0,0.0,0.0,0.0,1.0,0.0,1.0,1.0 
 1.0,1.0,1.0,1.0,1.0,0.0,0.0,1.0,0.0,1.0 , , 1.0,0.0,0.0,0.0,1.0,1.0,0.0,0.0,0.0,0.0 
 1.0,1.0,1.0,1.0,1.0,1.0,1.0,1.0,1.0,1.0 , , 1.0,1.0,1.0,1.0,1.0,1.0,1.0,1.0,1.0,0.0 
 1.0,1.0,1.0,1.0,1.0,1.0,1.0,1.0,1.0,1.0 , , 1.0,1.0,1.0,1.0,1.0,1.0,0.0,1.0,1.0,1.0 
 1.0,1.0,1.0,1.0,1.0,1.0,1.0,1.0,1.0,1.0 , , 1.0,1.0,1.0,1.0,1.0,1.0,0.0,1.0,0.0,0.0 
 1.0,1.0,1.0,1.0,1.0,1.0,1.0,1.0,1.0,1.0 , ,null


 Acc_howManyClustersAreThere_NL, , Acc_howManyClustersAreThere_MAT
 Q1, , Q1
 0.0, , 0.0
 0.0, , 0.0
 0.0, , 0.0
 0.0, , 0.0
 0.0, , 0.0
 0.0, ,null


Time_selectLargerGroup_NL,,,,,,,,, , ,Time_selectLargerGroup_MAT,,,,,,,,, 
Q1,Q2,Q3,Q4,Q5,Q6,Q7,Q8,Q9,Q10 , ,Q1,Q2,Q3,Q4,Q5,Q6,Q7,Q8,Q9,Q10 
5,9,5,10,4,4,2,2,2,2 , ,6,5,6,4,4,2,2,2,2,2 
9,10,10,10,10,5,3,8,5,6 , ,9,10,9,6,5,5,5,3,4,10 
8,5,5,10,5,4,2,2,3,2 , ,6,8,7,10,10,3,4,3,2,2 
6,3,4,5,6,4,4,2,2,1 , ,6,9,10,10,6,5,3,2,2,2 
9,6,6,6,7,7,6,6,7,4 , ,10,10,5,4,4,6,4,5,4,5 
6,10,8,6,6,5,4,3,3,3 , ,null


 Time_does2NodeBelongToSameCluster_NL,,,,,,,,, , , Time_does2NodeBelongToSameCluster_MAT,,,,,,,,, 
 Q1,Q2,Q3,Q4,Q5,Q6,Q7,Q8,Q9,Q10 , , Q1,Q2,Q3,Q4,Q5,Q6,Q7,Q8,Q9,Q10 
 7,6,2,9,2,5,5,5,6,9 , , 8,4,6,8,3,2,2,5,4,6 
 10,9,4,8,10,5,7,9,10,5 , , 10,6,9,8,10,10,9,10,10,6 
 3,2,4,2,2,2,5,2,3,3 , , 9,6,10,7,10,7,8,8,10,5 
 3,2,3,2,2,3,6,3,2,9 , , 4,4,4,4,8,3,10,4,3,3 
 6,7,3,4,5,3,7,4,6,4 , , 10,10,7,10,10,10,10,10,10,10 
 5,4,2,3,3,3,5,2,4,10 , ,null


 Time_howManyClustersAreThere_NL, , Time_howManyClustersAreThere_MAT
 Q1, , Q1
 10, , 10
 10, , 9
 10, , 8
 8, , 9
 10, , 10
 10, ,null


